HA = 0.72108312
DEC =  -12.093469
UNIXTIME = 1400665108.082347
# LMST = 93.18239562 # [degree]
