HA = 0.71874422
RA = 139.5237499500
DEC =  -12.093469
UNIXTIME = 1400665108.082347 # 1400665108.082347
# LMST = 194.85
LMST = 140.24480767
# LMST = 93.18239562 # [degree]
